 ___________________________________________________________________________________________________________________
|      sigma      |          psi(11)          |          MY          |          Eu          |          EuA          |
|___________________________________________________________________________________________________________________|
|      1.8      |          -28.64          |       -18.74       |       2108.49       |          307.56
|___________________________________________________________________________________________________________________|
|      4.32     |          -20.96          |       -17.61       |       2130.29       |          465.42
|___________________________________________________________________________________________________________________|
|      6.84     |          59.27          |       -18.66       |       2190.56       |          427.49
|___________________________________________________________________________________________________________________|
|      9.36     |          -43.28          |       -22.63       |       1842.96       |          917.61
|___________________________________________________________________________________________________________________|
|      11.88    |          83.21          |       -5.64       |       2261.42       |          1522.08
|___________________________________________________________________________________________________________________|
|      14.4     |          35.54          |       -19.02       |       2621.72       |          1455.25
|___________________________________________________________________________________________________________________|
|      16.92    |          -91.61          |       -21.78       |       1849.87       |          9359.66
|___________________________________________________________________________________________________________________|
|      19.44    |          -67.68          |       -9.47       |       2682.07       |          4411.31
|___________________________________________________________________________________________________________________|
|      21.96    |          -39.83          |       -19.6       |       2309.8       |          9111.09
|___________________________________________________________________________________________________________________|
|      24.48    |          -106.09          |       5.39       |       3454.03       |          2559.04
|___________________________________________________________________________________________________________________|
|      27.0     |          -25.58          |       9.38       |       2940.27       |          11532.83
|___________________________________________________________________________________________________________________|
